Position: <Vector3r> {   'x_val': 0.001768288784660399,
    'y_val': -3.83308744430542,
    'z_val': -5.494985580444336}
Orientation: <Quaternionr> {   'w_val': -0.7062404155731201,
    'x_val': -0.028552450239658356,
    'y_val': 0.02919490821659565,
    'z_val': -0.7067934274673462}
Velocity: <Vector3r> {   'x_val': -0.015148111619055271,
    'y_val': 11.24450397491455,
    'z_val': 0.1306181252002716}
Angular_Velocity: <Vector3r> {   'x_val': -0.00037339984555728734,
    'y_val': 0.08318130671977997,
    'z_val': -0.0012482452439144254}
